Handles  NPM(K)    PM(K)      WS(K)     CPU(s)     Id  SI ProcessName                                                                                                                                                                                    
-------  ------    -----      -----     ------     --  -- -----------                                                                                                                                                                                    
    126       6     2644       4720       0.42   2712   0 cmd                                                                                                                                                                                            
    150       9     6680      12348       2.89   4604   0 conhost                                                                                                                                                                                        
    148       9     6680      12360       2.22   4992   0 conhost                                                                                                                                                                                        
    148       9     6684      12292       0.06   5148   0 conhost                                                                                                                                                                                        
    148       9     6680      12284       0.30   5448   0 conhost                                                                                                                                                                                        
    554      21     2324       5032               400   0 csrss                                                                                                                                                                                          
    295      17     2332       4756               484   1 csrss                                                                                                                                                                                          
    358      15     3564      14172              5396   1 ctfmon                                                                                                                                                                                         
    257      14     4096      13228              3912   0 dllhost                                                                                                                                                                                        
    166       9     1880       9812       0.30   6828   1 dllhost                                                                                                                                                                                        
    616      35    32840      59988               932   1 dwm                                                                                                                                                                                            
   1500      58    24096      78700              5756   1 explorer                                                                                                                                                                                       
   1146      69   127888     200696      31.86   6276   1 firefox                                                                                                                                                                                        
    343      19     9984      37484       0.63   6456   1 firefox                                                                                                                                                                                        
    407      31    16920      62680       1.83   6756   1 firefox                                                                                                                                                                                        
    358      26    16276      37700       0.95   7020   1 firefox                                                                                                                                                                                        
    390      31    36464      69680      28.33   7072   1 firefox                                                                                                                                                                                        
     49       6     1444       3408               792   0 fontdrvhost                                                                                                                                                                                    
     49       6     1808       4408               964   1 fontdrvhost                                                                                                                                                                                    
      0       0       56          8                 0   0 Idle                                                                                                                                                                                           
   1073      23     6316      15128               640   0 lsass                                                                                                                                                                                          
    209      12     2264      13528               724   1 mobsync                                                                                                                                                                                        
    227      13     3240      10004              4256   0 msdtc                                                                                                                                                                                          
    567      61   125504     100156              2872   0 MsMpEng                                                                                                                                                                                        
    115       8      980       3704      16.27   5544   0 nc                                                                                                                                                                                             
    345       9     1096       4452       3.34   6132   0 nc                                                                                                                                                                                             
    128      14     6628      13604               596   0 php-cgi                                                                                                                                                                                        
    671      33    55684      94652       6.95   1324   0 powershell                                                                                                                                                                                     
    561      30    51104      84536       2.63   3784   0 powershell                                                                                                                                                                                     
      0      18      696     100200               104   0 Registry                                                                                                                                                                                       
    291      15     5356      16332              4792   1 RuntimeBroker                                                                                                                                                                                  
    276      14     3076      15204              6044   1 RuntimeBroker                                                                                                                                                                                  
    669      32    19844      61960               412   1 SearchUI                                                                                                                                                                                       
    547      11     5384       9688               620   0 services                                                                                                                                                                                       
    686      29    15480      50956              4164   1 ShellExperienceHost                                                                                                                                                                            
    437      17     4984      23904              4848   1 sihost                                                                                                                                                                                         
     53       3      508       1212               320   0 smss                                                                                                                                                                                           
    475      22     5804      15912              2608   0 spoolsv                                                                                                                                                                                        
    115       7     1240       4824               368   0 svchost                                                                                                                                                                                        
    204      12     2020       9352               392   0 svchost                                                                                                                                                                                        
    149       9     1756      11396               472   0 svchost                                                                                                                                                                                        
     85       5      872       3492               764   0 svchost                                                                                                                                                                                        
    871      21     7244      22440               784   0 svchost                                                                                                                                                                                        
    932      16     5548      11784               868   0 svchost                                                                                                                                                                                        
    320      15     4248      14580               880   0 svchost                                                                                                                                                                                        
    257      11     2108       7392               908   0 svchost                                                                                                                                                                                        
    336      16     4636      13628              1020   0 svchost                                                                                                                                                                                        
    388      13    11048      14628              1048   0 svchost                                                                                                                                                                                        
    126       7     1424       6272              1128   0 svchost                                                                                                                                                                                        
    227      11     2796      10892              1136   0 svchost                                                                                                                                                                                        
    125      16     3328       6896              1160   0 svchost                                                                                                                                                                                        
    215       9     2196       7048              1200   0 svchost                                                                                                                                                                                        
    188       9     1784       7132              1236   0 svchost                                                                                                                                                                                        
    232      12     2524      10820              1248   0 svchost                                                                                                                                                                                        
    158       7     1232       5228              1256   0 svchost                                                                                                                                                                                        
    431       9     2968       8732              1268   0 svchost                                                                                                                                                                                        
    168      11     2496      13284              1284   0 svchost                                                                                                                                                                                        
    140       7     1316       5272              1316   0 svchost                                                                                                                                                                                        
    172      11     1808       7688              1448   0 svchost                                                                                                                                                                                        
    392      18     5080      13964              1464   0 svchost                                                                                                                                                                                        
    341      15     4584      11328              1484   0 svchost                                                                                                                                                                                        
    241      11     2548       9572              1520   0 svchost                                                                                                                                                                                        
    240      13     3136       7936              1564   0 svchost                                                                                                                                                                                        
    304      13     2020       8484              1572   0 svchost                                                                                                                                                                                        
    324      10     2548       8068              1660   0 svchost                                                                                                                                                                                        
    193      12     2324      11724              1668   0 svchost                                                                                                                                                                                        
    163      10     1784       6488              1788   0 svchost                                                                                                                                                                                        
    168       9     2088       7104              1848   0 svchost                                                                                                                                                                                        
    393      31     8672      16772              1920   0 svchost                                                                                                                                                                                        
    364      18     5284      26664              1976   1 svchost                                                                                                                                                                                        
    198      11     1972       7752              2000   0 svchost                                                                                                                                                                                        
    392      19    15264      32028              2188   0 svchost                                                                                                                                                                                        
    167      12     3992      10604              2720   0 svchost                                                                                                                                                                                        
    235      25     3420      12416              2736   0 svchost                                                                                                                                                                                        
    140       8     1512       5816              2744   0 svchost                                                                                                                                                                                        
    265      13     2568       7476              2756   0 svchost                                                                                                                                                                                        
    476      20    13464      28300              2772   0 svchost                                                                                                                                                                                        
    137       9     1636       6204              2780   0 svchost                                                                                                                                                                                        
    407      16    13352      21504              2800   0 svchost                                                                                                                                                                                        
    126       7     1232       5000              2808   0 svchost                                                                                                                                                                                        
    213      12     1868       7160              2840   0 svchost                                                                                                                                                                                        
    238      15     4700      11620              2852   0 svchost                                                                                                                                                                                        
    294      26     5672      14356              2916   0 svchost                                                                                                                                                                                        
    208      11     2296       8120              2928   0 svchost                                                                                                                                                                                        
    169      10     2140      12976              2956   0 svchost                                                                                                                                                                                        
    463      18     3392      11220              3152   0 svchost                                                                                                                                                                                        
    386      23     3384      12000              3268   0 svchost                                                                                                                                                                                        
    232      12     3216      13540              4924   1 svchost                                                                                                                                                                                        
    204      11     2928      11884              5200   0 svchost                                                                                                                                                                                        
    175       9     1496       7092              5316   0 svchost                                                                                                                                                                                        
    162       9     3860      11416              5368   0 svchost                                                                                                                                                                                        
    249      14     3084      13676              5480   0 svchost                                                                                                                                                                                        
    212      15     6360      10568              5652   0 svchost                                                                                                                                                                                        
    296      20    10248      14784              6140   0 svchost                                                                                                                                                                                        
    163       9     3068       7652              6156   0 svchost                                                                                                                                                                                        
    126       7     1244       5700              6204   0 svchost                                                                                                                                                                                        
    330      16    17256      18980              6252   0 svchost                                                                                                                                                                                        
   2204       0      192        156                 4   0 System                                                                                                                                                                                         
    118       8     1344       5928              3584   0 taskhostw                                                                                                                                                                                      
    211      21     4844      13184              4820   1 taskhostw                                                                                                                                                                                      
    298      18     5504      18140              6932   1 taskhostw                                                                                                                                                                                      
   1587      11    28540      30344               632   0 TiWorker                                                                                                                                                                                       
    140       9     2004       7188              2124   0 TrustedInstaller                                                                                                                                                                               
    178      12     3200       9968              2764   0 VGAuthService                                                                                                                                                                                  
    384      22     8948      21624              2820   0 vmtoolsd                                                                                                                                                                                       
    245      18     3848      15020              4160   1 vmtoolsd                                                                                                                                                                                       
    254      21     5928      14952               848   0 w3wp                                                                                                                                                                                           
    175      11     1488       6344               476   0 wininit                                                                                                                                                                                        
    286      13     2824      12540               552   1 winlogon                                                                                                                                                                                       
    347      16    10140      19212              2052   0 WmiPrvSE                                                                                                                                                                                       
    571      27    46312      64060       0.73   1512   0 wsmprovhost                                                                                                                                                                                    
    629      27    45260      62716       1.38   1988   0 wsmprovhost                                                                                                                                                                                    
   1077      30    58060      82272      42.89   2896   0 wsmprovhost                                                                                                                                                                                    
    889      34   174168     196404      79.08   3236   0 wsmprovhost                                                                                                                                                                                    
    505      32   172404     197168     174.95   5144   0 wsmprovhost                                                                                                                                                                                    
    825      27    50248      69168       2.36   6304   0 wsmprovhost                                                                                                                                                                                    
    535      27    45436      61988       0.80   6440   0 wsmprovhost
